    -0.090    -0.570     1.262    -1.525     0.411     0.350     0.650     2.000
     0.556     1.889     1.062     0.259     0.210     0.640     0.360     1.000
     1.093    -0.177    -1.939     1.197    -0.192     0.841     0.159     1.000
     1.093     1.397    -0.438     0.165    -0.091     0.861     0.139     1.000
    -0.628     0.119     0.662     0.446    -0.694     0.287     0.713     2.000
    -0.090    -0.275    -0.238    -0.398    -0.091     0.622     0.378     1.000
     1.093     0.315    -0.038    -0.774     1.616     0.844     0.156     1.000
     1.093    -0.767    -1.438    -0.023    -2.402     0.600     0.400     1.000
     0.556     1.102    -1.338    -0.680    -0.292     0.949     0.051     1.000
     0.018    -1.062     0.262    -0.962    -1.096     0.314     0.686     2.000
    -2.134     0.807    -0.338    -0.023     0.813     0.818     0.182     1.000
     1.631     0.217    -0.438    -0.586     0.612     0.831     0.169     1.000
     0.233     0.119     1.162    -0.868    -2.302     0.204     0.796     2.000
     0.125     0.709     0.162    -0.868    -0.091     0.748     0.252     1.000
    -0.090    -0.865    -1.438     1.197     2.621     0.833     0.167     1.000
    -0.520    -1.160    -0.938     0.728     0.110     0.510     0.490     1.000
    -0.520    -0.275    -0.538    -0.023     1.315     0.762     0.238     1.000
    -0.197     1.201    -1.238    -0.962     0.310     0.962     0.038     1.000
    -1.703     0.610     0.862     0.071     1.415     0.556     0.444     1.000
     2.169     2.283    -1.738     0.352    -0.493     0.978     0.022     1.000
     0.018    -0.964    -1.138    -1.431     0.411     0.846     0.154     1.000
     0.556     0.119    -0.138    -0.680    -0.091     0.708     0.292     1.000
     0.663     3.070     0.562    -0.492     0.511     0.930     0.070     1.000
     1.416     0.020     2.263     0.352    -2.302     0.038     0.962     2.000
    -1.058     0.906    -0.338    -0.774    -1.297     0.769     0.231     1.000
    -1.058     0.807    -0.438    -0.586    -0.192     0.829     0.171     1.000
     0.340     1.594    -0.738    -2.463    -0.393     0.971     0.029     1.000
    -0.413     0.119    -2.039    -0.117     1.014     0.956     0.044     1.000
     2.707     1.201     0.662    -0.774    -0.292     0.721     0.279     1.000
    -1.381    -1.652     0.962    -0.586     0.009     0.133     0.867     2.000
    -1.596    -0.767    -0.938     0.259     1.014     0.709     0.291     1.000
     0.771     0.119     1.162     0.634     0.712     0.284     0.716     2.000
     0.878    -0.570    -0.038     0.259    -0.292     0.420     0.580     2.000
     0.771     0.217     0.362    -0.680     0.712     0.676     0.324     1.000
     0.340    -1.652     1.162     0.634     0.110     0.070     0.930     2.000
     0.556     0.512    -0.738     1.666     0.511     0.706     0.294     1.000
    -1.273    -0.472     0.762     0.728     0.813     0.254     0.746     2.000
     0.771    -0.472     0.962    -0.774    -0.694     0.272     0.728     2.000
    -1.165    -0.177     1.562     0.728    -1.598     0.064     0.936     2.000
    -0.520    -0.570     1.562     1.291     1.014     0.098     0.902     2.000
    -2.456    -1.652     1.062    -0.680    -1.598     0.067     0.933     2.000
    -1.058     0.610    -1.338    -0.023     0.210     0.908     0.092     1.000
     0.771     0.020     0.562    -1.149    -0.393     0.541     0.459     1.000
     0.771    -2.931    -0.338    -0.868     0.813     0.302     0.698     2.000
    -0.090     1.102     0.062    -0.962     2.320     0.924     0.076     1.000
    -1.165    -0.668     1.162     0.822    -0.694     0.090     0.910     2.000
     1.416     0.217     0.762     0.446    -0.091     0.359     0.641     2.000
    -1.703     0.315    -1.839     1.009     0.310     0.888     0.112     1.000
     0.018    -1.062     0.362     1.009    -0.795     0.141     0.859     2.000
    -0.520    -1.455    -0.338    -2.088    -0.393     0.602     0.398     1.000
    -1.165     1.496    -0.338    -0.492    -1.297     0.820     0.180     1.000
     0.233     1.889    -0.638     1.479    -1.699     0.742     0.258     1.000
    -0.950     0.610     0.062     1.385    -0.895     0.392     0.608     2.000
     0.233     0.217     0.662    -0.211     0.210     0.481     0.519     2.000
     0.556     0.119     0.362     0.728     0.009     0.408     0.592     2.000
     0.663     0.315     0.262    -0.211    -0.996     0.499     0.501     2.000
     0.448    -0.275    -0.638    -1.525    -0.493     0.803     0.197     1.000
     1.631     1.004     0.062     0.540    -0.493     0.652     0.348     1.000
    -0.950     0.709    -0.438    -1.055    -0.694     0.825     0.175     1.000
     1.846    -0.570    -1.839     0.446    -0.996     0.797     0.203     1.000
    -0.413     0.119     0.162     2.229     0.310     0.294     0.706     2.000
    -0.735     0.020     1.662    -0.398     0.511     0.233     0.767     2.000
     0.878     0.119    -1.438    -0.398    -0.594     0.882     0.118     1.000
     0.233     1.004     1.062    -1.712     1.415     0.796     0.204     1.000
     0.878    -0.472     0.962     0.728     1.014     0.252     0.748     2.000
    -0.197     0.610     0.362    -0.117    -0.493     0.554     0.446     1.000
     0.986     0.217    -0.938    -1.337    -1.096     0.861     0.139     1.000
     0.233     0.020    -1.438    -0.305     0.411     0.904     0.096     1.000
     0.340     1.004     1.462     1.760    -0.493     0.161     0.839     2.000
     0.125     0.119     0.562     0.634    -0.091     0.352     0.648     2.000
     1.524    -1.062     0.162    -0.680     0.813     0.508     0.492     1.000
    -1.488    -1.259     0.262     1.009     0.110     0.170     0.830     2.000
    -1.596    -0.275    -1.538    -0.492    -0.594     0.846     0.154     1.000
     0.340    -0.668     1.062     0.071    -0.694     0.152     0.848     2.000
     1.954    -1.160     1.562    -0.680     0.310     0.144     0.856     2.000
     0.233    -0.668    -0.038    -1.806     0.310     0.706     0.294     1.000
    -0.413    -1.751    -1.238     1.009    -0.393     0.394     0.606     2.000
    -1.703    -0.373    -0.338     0.446     0.310     0.537     0.463     1.000
     1.309    -0.373    -0.538    -0.680    -0.895     0.661     0.339     1.000
     0.663    -0.275     0.762    -1.806     1.817     0.715     0.285     1.000
     0.233     0.020     0.362     0.165    -1.397     0.325     0.675     2.000
     0.986     0.414    -0.938     1.479     1.616     0.829     0.171     1.000
    -0.735    -0.472    -0.138    -0.211     0.110     0.543     0.457     1.000
     0.340     0.315     1.462    -0.868     0.009     0.350     0.650     2.000
    -0.950    -0.964     0.262     0.259    -1.297     0.186     0.814     2.000
     1.309     0.709     0.862     0.916     0.813     0.451     0.549     2.000
    -2.026     0.119     0.962     0.071     1.315     0.417     0.583     2.000
     0.125    -0.078     1.863    -0.774    -0.996     0.137     0.863     2.000
    -0.090    -0.668    -2.639    -1.431     0.712     0.976     0.024     1.000
    -0.950     1.693    -2.539    -1.149     1.315     0.996     0.004     1.000
    -0.305     0.414     0.762    -0.211     1.717     0.630     0.370     1.000
    -0.413     0.217    -0.338     0.540    -0.895     0.542     0.458     1.000
    -0.950    -2.538     0.862     1.760    -0.996     0.017     0.983     2.000
    -1.703    -1.947     0.262    -0.868    -0.192     0.218     0.782     2.000
     2.061    -0.078    -0.038    -0.398     0.210     0.664     0.336     1.000
    -1.488     0.906    -0.338     0.916    -0.895     0.611     0.389     1.000
    -0.090     0.020     1.462    -0.117    -0.694     0.175     0.825     2.000
     0.018    -0.964    -2.139    -1.055     1.114     0.948     0.052     1.000
    -1.058    -0.177    -0.038     0.540    -0.192     0.441     0.559     2.000
     0.340    -0.472     2.363     2.605     1.014     0.025     0.975     2.000
    -1.165     0.217    -0.438     2.229    -0.493     0.380     0.620     2.000
     0.018    -0.865     1.262    -0.117     0.913     0.200     0.800     2.000
    -1.703    -0.865     0.362    -0.023     0.110     0.298     0.702     2.000
    -0.520     0.315     0.262    -0.117    -0.091     0.558     0.442     1.000
     0.556     0.906    -0.138    -1.431    -1.900     0.766     0.234     1.000
    -2.564     1.693    -0.738     1.009    -1.397     0.770     0.230     1.000
    -0.090     0.315    -0.138     0.822     0.712     0.630     0.370     1.000
     0.771    -0.373    -0.638     0.446    -1.297     0.500     0.500     2.000
     0.448    -1.357     0.262    -0.023    -1.096     0.186     0.814     2.000
     0.878    -0.865    -1.538    -1.712     0.210     0.913     0.087     1.000
    -0.950     1.102    -0.338     0.728     0.913     0.811     0.189     1.000
    -0.090    -0.668     0.962     0.728    -0.292     0.139     0.861     2.000
    -0.735     0.512    -1.839    -0.774     0.813     0.968     0.032     1.000
    -0.197    -0.275     0.962     1.479    -1.297     0.091     0.909     2.000
     1.201     0.807    -0.438     0.822     1.014     0.811     0.189     1.000
    -0.197    -0.078     1.662     0.259     0.813     0.189     0.811     2.000
    -1.165    -0.668    -0.038    -0.962    -0.493     0.508     0.492     1.000
     0.340    -0.668     0.962     0.634     0.310     0.181     0.819     2.000
     1.309     0.020     0.362    -1.900     1.215     0.810     0.190     1.000
     0.018     0.709    -1.638     0.259    -0.996     0.895     0.105     1.000
    -0.413     1.594     0.162     0.540    -0.895     0.669     0.331     1.000
     0.018     1.594    -0.038    -0.492     0.009     0.864     0.136     1.000
    -0.305     1.397     0.162     0.446    -0.393     0.690     0.310     1.000
     0.125    -0.964     0.462    -1.055    -0.192     0.375     0.625     2.000
     0.986     0.610    -0.138    -1.149     0.612     0.861     0.139     1.000
     0.556    -0.472    -0.138     0.446     0.210     0.486     0.514     2.000
    -0.520    -0.373    -2.639    -0.398     1.516     0.976     0.024     1.000
     0.986     0.217    -0.238     0.352    -0.996     0.550     0.450     1.000
    -0.197     1.496     1.062    -1.431     0.511     0.772     0.228     1.000
    -0.413    -1.259     1.162    -1.806     0.009     0.252     0.748     2.000
     0.018     2.086     1.162    -0.305    -0.996     0.600     0.400     1.000
     0.233    -0.177     0.662    -0.774    -1.699     0.300     0.700     2.000
     0.233    -0.472    -0.038     1.103     0.712     0.418     0.582     2.000
    -1.058     0.807    -0.838     0.446    -0.091     0.821     0.179     1.000
     0.233    -0.275    -0.538    -0.023    -1.297     0.544     0.456     1.000
     0.233     1.102    -0.538    -0.586     0.310     0.900     0.100     1.000
     0.018     0.020     0.762     1.760    -0.091     0.181     0.819     2.000
     0.771     0.315    -0.038     0.446     1.616     0.736     0.264     1.000
     0.233     0.020     0.762     1.854    -0.895     0.135     0.865     2.000
    -1.381     0.709    -2.239     1.103     0.813     0.953     0.047     1.000
    -2.241    -0.078    -0.738     0.822    -0.594     0.560     0.440     1.000
     2.707    -0.570    -0.538    -0.492    -1.498     0.565     0.435     1.000
     1.093     0.610     1.062     2.136     1.215     0.271     0.729     2.000
     0.233    -1.160    -1.538     0.728    -2.302     0.451     0.549     2.000
    -0.520     0.807     0.162    -0.586     0.310     0.757     0.243     1.000
    -0.628     0.610    -0.438    -0.305     0.612     0.834     0.166     1.000
     0.771    -1.160     1.462     2.042     0.411     0.042     0.958     2.000
    -0.843     0.709     0.462     1.103    -0.594     0.369     0.631     2.000
    -0.197    -0.865     1.062    -0.962    -0.895     0.190     0.810     2.000
     0.771     1.102    -0.838    -1.900     0.511     0.966     0.034     1.000
    -1.058    -1.062     1.162     1.291     0.110     0.072     0.928     2.000
     0.340    -0.078     0.362    -0.492    -1.096     0.416     0.584     2.000
     1.201    -1.455     0.862    -0.398    -0.996     0.125     0.875     2.000
     0.986    -0.275    -0.338    -1.712    -1.096     0.724     0.276     1.000
     0.448     0.610     1.462     1.666    -1.900     0.079     0.921     2.000
    -1.918     3.267    -1.138    -0.023     1.114     0.989     0.011     1.000
    -0.305     0.906    -0.438    -1.431    -0.091     0.899     0.101     1.000
    -0.843    -1.160    -1.138     1.291    -0.393     0.438     0.562     2.000
    -0.090     0.906    -0.738     0.071     1.516     0.915     0.085     1.000
    -0.520    -1.652     0.762    -0.868     0.612     0.229     0.771     2.000
    -1.918    -0.177    -0.338    -1.055     1.616     0.831     0.169     1.000
     0.125     1.004     0.262     0.165     2.320     0.835     0.165     1.000
    -1.381    -2.242     2.363     1.291    -0.493     0.006     0.994     2.000
    -1.058     0.709     0.562    -0.117     0.210     0.574     0.426     1.000
     0.878     0.906     0.062    -0.586     2.721     0.914     0.086     1.000
     0.448    -0.767     0.862     1.197     0.913     0.179     0.821     2.000
    -0.735    -0.177     0.062     1.103     2.219     0.581     0.419     1.000
     0.771     2.283    -0.638     1.197     0.612     0.922     0.078     1.000
     0.878    -0.668     1.062     0.352     0.310     0.192     0.808     2.000
     0.233     0.119     0.062    -0.774     1.415     0.783     0.217     1.000
     1.739    -0.177     0.562     0.446     1.114     0.457     0.543     2.000
     0.556     0.217     0.262    -0.398    -0.192     0.581     0.419     1.000
     1.093     1.693     0.162    -2.369     0.009     0.940     0.060     1.000
    -0.197    -0.767     0.262     0.446    -0.393     0.265     0.735     2.000
    -0.628    -0.177    -1.438     0.916     1.315     0.852     0.148     1.000
     1.739    -0.275     0.462     0.446    -0.493     0.316     0.684     2.000
     0.340    -0.865    -1.138     0.259     0.210     0.697     0.303     1.000
    -0.843    -2.144    -0.038     0.165    -1.297     0.117     0.883     2.000
    -0.413    -0.177    -0.038     0.540     1.415     0.607     0.393     1.000
    -1.596    -2.144    -0.338    -0.586     1.315     0.423     0.577     2.000
     0.340    -0.177    -1.438    -1.243    -0.996     0.883     0.117     1.000
     0.340    -0.767     1.762     0.165    -1.196     0.056     0.944     2.000
     1.093     0.512    -0.238    -0.680     0.813     0.845     0.155     1.000
     0.340    -0.177    -1.839     0.634    -0.192     0.859     0.141     1.000
     0.878    -0.668    -1.038    -1.337    -0.091     0.836     0.164     1.000
    -0.520    -0.668     0.862     1.572     0.712     0.144     0.856     2.000
    -0.520    -0.078     0.662     1.385     1.014     0.295     0.705     2.000
    -0.090     0.807    -0.638    -0.868    -0.895     0.849     0.151     1.000
     1.954     0.119     0.362     1.385    -2.201     0.182     0.818     2.000
    -0.090    -0.570     0.962    -1.337     0.813     0.444     0.556     2.000
     0.448    -0.177     0.362    -0.211    -1.297     0.346     0.654     2.000
    -1.058     1.988    -0.738    -0.023     0.110     0.935     0.065     1.000
     0.448    -1.357     0.662     0.916    -1.196     0.079     0.921     2.000
     1.631    -0.275    -0.638     0.634     0.110     0.643     0.357     1.000
    -0.197    -0.472    -0.138    -1.337    -0.091     0.671     0.329     1.000
     1.309    -0.570     0.762    -0.586     1.415     0.482     0.518     2.000
    -0.735     2.283    -1.038    -0.117    -0.091     0.962     0.038     1.000
    -0.735    -0.472    -0.738     0.634    -0.594     0.530     0.470     1.000
    -0.628    -0.767    -0.838     1.291    -0.292     0.445     0.555     2.000
    -1.488    -0.964    -0.438    -0.492    -0.192     0.525     0.475     1.000
